692903190|AZ-00990975|24/04/2018|15891|6.83|0.15|0.0|
692903191|AZ-00990978|03/05/2018|6515|7.7|2.99|0.0|
692903192|AZ-00991009|05/12/2018|3745|8.02|3.34|1.95|
692903193|AZ-00990990|27/07/2018|15307|0.33|2.14|1.95|
692903194|AZ-00990993|26/08/2018|7324|3.73|2.62|7.8|
692903195|AZ-00990983|03/06/2018|16296|1.33|0.53|0.0|
692903196|AZ-00991000|03/10/2018|10085|8.11|1.6|1.95|
692903197|AZ-00990962|06/02/2018|3322|3.39|0.73|5.85|
692903198|AZ-00990964|20/02/2018|10779|2.99|0.96|7.8|
692903199|AZ-00990996|12/09/2018|11558|3.86|1.48|0.0|
692903200|AZ-00990961|03/01/2018|18327|0.39|2.74|0.0|
692903201|AZ-00990994|27/08/2018|8854|3.63|3.19|0.0|
692903202|AZ-00990976|24/04/2018|4899|3.86|2.59|5.85|
692903203|AZ-00990985|08/06/2018|8696|6.51|4.22|1.95|
692903204|AZ-00990988|06/07/2018|5170|8.1|2.25|0.0|
692903205|AZ-00990981|14/05/2018|7468|1.85|0.68|0.0|
692903206|AZ-00990992|17/08/2018|43|3.75|3.3|7.8|
692903207|AZ-00990984|03/06/2018|6084|4.88|4.64|1.95|
692903208|AZ-00991010|24/12/2018|999|3.45|1.44|3.9|
692903209|AZ-00991008|19/11/2018|13624|6.23|3.81|3.9|
692903210|AZ-00990977|25/04/2018|5613|5.62|0.08|5.85|
692903211|AZ-00990973|28/03/2018|14938|5.58|3.24|1.95|
692903212|AZ-00990969|11/03/2018|7474|0.32|0.86|5.85|
692903213|AZ-00990982|21/05/2018|12526|1.03|4.44|1.95|
692903214|AZ-00991006|10/11/2018|17151|7.15|2.57|5.85|
692903215|AZ-00990963|16/02/2018|15772|0.97|4.78|7.8|
692903216|AZ-00990965|20/02/2018|9917|4.56|2.42|3.9|
692903217|AZ-00990968|05/03/2018|17771|7.11|2.91|1.95|
692903218|AZ-00990989|23/07/2018|12515|9.56|0.35|7.8|
692903219|AZ-00991005|01/11/2018|10773|5.01|0.31|7.8|
692903220|AZ-00990986|10/06/2018|16190|3.47|0.25|3.9|
692903221|AZ-00990991|28/07/2018|6017|3.87|0.68|0.0|
692903222|AZ-00990967|28/02/2018|11365|7.37|0.27|7.8|
692903223|AZ-00991002|17/10/2018|2671|1.06|4.85|3.9|
692903224|AZ-00991004|28/10/2018|1992|1.06|2.43|0.0|
692903225|AZ-00990972|23/03/2018|15223|1.97|0.05|3.9|
692903226|AZ-00990999|30/09/2018|13488|2.52|3.93|3.9|
692903227|AZ-00990970|13/03/2018|11996|7.21|0.06|3.9|
692903228|AZ-00990997|12/09/2018|6925|4.21|3.5|0.0|
692903229|AZ-00990980|12/05/2018|14703|4.58|2.16|1.95|
692903230|AZ-00991003|18/10/2018|12041|9.83|0.53|7.8|
692903231|AZ-00990974|05/04/2018|9711|6.32|4.2|1.95|
692903232|AZ-00990971|14/03/2018|4991|1.9|3.1|7.8|
692903233|AZ-00991001|07/10/2018|15655|1.77|1.12|0.0|
692903234|AZ-00990998|23/09/2018|10224|3.06|2.2|3.9|
692903235|AZ-00990995|10/09/2018|14234|1.96|2.39|1.95|
692903236|AZ-00990987|16/06/2018|9340|6.05|1.0|1.95|
692903237|AZ-00990979|07/05/2018|14587|5.09|2.79|5.85|
692903238|AZ-00990966|23/02/2018|430|7.17|0.64|5.85|
692903239|AZ-00991007|18/11/2018|17325|1.39|3.62|5.85|
